image: home.pgm
resolution: 0.010000
origin: [-6.180211, -11.085071, 0.000000]
negate: 0
occupied_thresh: 0.65
free_thresh: 0.196

