image: turf_map.pgm
resolution: 0.010000
origin: [-10.301718, -11.243254, 0.000000]
negate: 0
occupied_thresh: 0.65
free_thresh: 0.196

